0 1211 1
1 3453 2
2 5738 10
3 7095 9
4 7965 7
5 8622 8
6 8958 10
7 8897 7
8 9225 20
9 9259 16
10 9359 19
11 9484 18
12 9450 26
13 9573 35
14 9576 20
15 9656 31
16 9532 24
17 9599 30
18 9607 26
19 9714 34
20 9805 52
21 9639 34
22 9966 37
23 9803 35
24 9838 49
25 9752 38
26 9803 44
27 9845 50
28 9828 57
29 9833 37
30 9909 51
31 9822 48
32 9813 64
33 9793 53
34 9975 42
35 9871 53
36 9805 41
37 9999 47
38 9793 44
39 9962 30
40 9805 50
41 9956 47
42 9881 67
43 9926 56
44 10040 70
45 10030 50
46 9684 72
47 9937 52
48 10014 63
49 9871 64
50 9915 55
51 9768 63
52 9797 75
53 10042 69
54 9835 70
55 9903 74
56 9840 79
57 9926 86
58 9933 62
59 9845 64
60 9992 80
61 10012 85
62 10031 88
63 10024 70
64 9935 73
65 9894 71
66 10013 72
67 9958 91
68 10074 97
69 10027 99
70 9936 104
71 9954 105
72 9997 91
73 9838 101
74 9898 85
75 10022 86
76 9953 92
77 9949 106
78 9837 101
79 9842 115
80 9971 99
81 9857 95
82 10042 104
83 9888 121
84 9932 117
85 10014 104
86 9907 113
87 10052 118
88 10029 106
89 9900 132
90 9922 114
91 9934 127
92 9978 108
93 9969 122
94 9980 128
95 9864 122
96 9756 128
97 10007 125
98 10086 143
99 9947 118
100 9938 120
101 9927 123
102 10037 137
103 9922 136
104 10080 133
105 10121 147
106 9967 123
107 9902 117
108 10091 110
109 9901 132
110 9817 140
111 9929 159
112 9979 146
113 9795 142
114 10043 155
115 9989 149
116 10080 148
117 9812 153
118 9985 166
119 9969 123
120 10116 140
121 9903 153
122 10028 146
123 9890 140
124 9901 161
125 10018 147
126 10121 153
127 9876 137
128 10023 177
129 9928 167
130 9957 147
131 9968 164
132 10066 159
133 9892 152
134 9989 143
135 9996 150
136 9798 139
137 10062 150
138 9946 174
139 10033 142
140 9795 173
141 9980 156
142 10226 132
143 9872 160
144 9846 165
145 10052 174
146 9984 163
147 10176 158
148 9880 186
149 10005 182
150 10090 163
151 9993 167
152 9890 178
153 9970 164
154 9961 178
155 9952 168
156 10105 185
157 9961 179
158 9890 178
159 9809 176
160 9989 177
161 9949 177
162 10068 168
163 9975 145
164 9916 153
165 9884 172
166 9962 146
167 10070 185
168 10001 181
169 10085 193
170 9736 154
171 10080 177
172 9890 172
173 10109 174
174 9973 182
175 10140 187
176 9957 176
177 9968 170
178 9908 184
179 10110 170
180 9968 169
181 9885 196
182 9893 191
183 10139 176
184 10027 173
185 9913 219
186 10044 210
187 10192 181
188 9877 185
189 10057 193
190 9994 179
191 10034 183
192 9981 185
193 9994 202
194 9920 210
195 9884 221
196 9963 157
197 10010 196
198 9898 185
199 9920 202
200 9992 192
201 10076 164
202 9873 216
203 10003 180
204 10119 175
205 9892 178
206 9806 200
207 10035 181
208 9974 189
209 9878 194
210 9920 170
211 10055 195
212 9792 201
213 10047 179
214 9906 172
215 9926 185
216 10008 145
217 9986 144
218 10014 178
219 10031 158
220 9854 178
221 10085 193
222 10189 192
223 9942 203
224 9805 192
225 10088 197
226 10009 188
227 9794 186
228 9979 183
229 10000 203
230 10079 198
231 9777 195
232 9940 211
233 9924 178
234 10034 224
235 10071 177
236 9875 186
237 9982 210
238 9825 192
239 10054 197
240 10085 194
241 9912 185
242 10043 183
243 9996 202
244 10055 149
245 10043 193
246 9833 191
247 10000 203
248 10096 202
249 9979 206
250 9923 191
251 10090 178
252 9920 194
253 9907 183
254 10113 207
255 10121 177
256 9938 169
257 10046 199
258 10016 208
259 10058 161
260 10066 200
261 9962 176
262 10038 222
263 10031 200
264 10054 194
265 10075 174
266 9911 191
267 10001 184
268 10042 203
269 9911 194
270 10160 197
271 9966 184
272 9864 211
273 10021 198
274 10139 196
275 10023 205
276 9986 231
277 9960 178
278 9958 207
279 9956 166
280 10017 196
281 10022 181
282 9897 167
283 9985 191
284 10052 226
285 10007 201
286 10124 207
287 9967 205
288 9886 217
289 10239 168
290 9928 209
291 10088 200
292 9739 193
293 10109 182
294 10059 181
295 9840 202
296 10001 213
297 9915 203
298 10176 210
299 9973 208
300 10125 229
301 9928 185
302 9710 190
303 10118 192
304 10029 211
305 9868 204
306 9999 198
307 9925 202
308 9882 186
309 10044 190
310 9997 185
311 10104 189
312 10009 177
313 9909 178
314 10020 209
315 10030 202
316 9965 203
317 10034 186
318 9978 188
319 9907 194
320 9905 169
321 9985 184
322 9934 189
323 9933 201
324 10096 204
325 10043 216
326 9790 170
327 10044 187
328 10045 246
329 10082 214
330 9965 180
331 9904 192
332 9951 214
333 10096 193
334 10053 208
335 9932 190
336 10031 173
337 9862 193
338 10030 175
339 9872 197
340 10010 202
341 10053 188
342 10023 220
343 9938 207
344 10012 213
345 10126 194
346 9943 195
347 9954 211
348 9983 186
349 9894 189
350 10117 190
351 10033 195
352 10063 206
353 10019 167
354 9991 201
355 9831 215
356 9982 220
357 9973 225
358 10104 207
359 9902 175
360 9953 216
361 9900 205
362 9930 192
363 10186 190
364 9970 195
365 9788 221
366 9864 219
367 10135 174
368 9916 205
369 9993 201
370 9922 179
371 10018 233
372 10141 217
373 9864 190
374 10065 193
375 9983 220
376 10067 219
377 9850 219
378 10028 194
379 9943 182
380 9876 186
381 10118 206
382 9952 200
383 9996 199
384 10059 232
385 9937 187
386 9845 233
387 10004 189
388 10167 199
389 9915 198
390 10011 212
391 10011 188
392 9978 191
393 10020 189
394 10012 214
395 9918 211
396 10097 192
397 10000 205
398 10014 200
399 9998 198
